                  X               Y    Z
---------------------------------------------
                0.0             0.0  0.0
       -0.170817385    0.5663670229  0.0
      -0.3377117624    1.1352470199  0.0
      -0.5006537158     1.706614589  0.0
      -0.6596139161    2.2804440485  0.0
      -0.8145631237    2.8567094364  0.0
      -0.9654721901    3.4353845099  0.0
      -1.1123120603    4.0164427446  0.0
      -1.2550537743     4.599857334  0.0
      -1.3936684693    5.1856011889  0.0
      -1.5281273819    5.7736469367  0.0
      -1.6584018498    6.3639669209  0.0
      -1.7844633139    6.9565332004  0.0
      -1.9062833206    7.5513175489  0.0
      -2.0238335236    8.1482914544  0.0
      -2.1370856861    8.7474261187  0.0
      -2.2460116828    9.3486924565  0.0
      -2.3505835022    9.9520610951  0.0
      -2.4507732488   10.5575023737  0.0
      -2.5465531447   11.1649863429  0.0
      -2.6378955325   11.7744827643  0.0
      -2.7247728771   12.3859611093  0.0
       -2.807157768   12.9993905596  0.0
      -2.8850229214   13.6147400056  0.0
      -2.9583411826   14.2319780466  0.0
      -3.0270855284     14.85107299  0.0
      -3.0912290689   15.4719928507  0.0
      -3.1507450504   16.0947053506  0.0
      -3.2056068573   16.7191779185  0.0
      -3.2557880146   17.3453776889  0.0
      -3.3012621903    17.973271502  0.0
      -3.3420031975   18.6028259032  0.0
      -3.3779849975   19.2340071424  0.0
      -3.4091817013   19.8667811737  0.0
      -3.4355675727   20.5011136547  0.0
      -3.4571170306   21.1369699465  0.0
      -3.4738046514   21.7743151128  0.0
      -3.4856051716   22.4131139196  0.0
      -3.4924934902   23.0533308351  0.0
      -3.4944446715   23.6949300287  0.0
      -3.4914339475   24.3378753711  0.0
      -3.4834367203   24.9821304335  0.0
      -3.4704285652   25.6276584876  0.0
       -3.452385233   26.2744225049  0.0
      -3.4292826526   26.9223851567  0.0
       -3.401096934   27.5715088132  0.0
      -3.3678043707   28.2217555438  0.0
      -3.3293814427   28.8730871161  0.0
      -3.2858048189   29.5254649962  0.0
      -3.2370513605    30.178850348  0.0
      -3.1830981229   30.8332040332  0.0
      -3.1239223595   31.4884866105  0.0
      -3.0595015238    32.144658336  0.0
      -2.9898132727   32.8016791625  0.0
      -2.9148354691   33.4595087394  0.0
      -2.8345461853   34.1181064123  0.0
      -2.7489237053   34.7774312233  0.0
      -2.6579465285   35.4374419101  0.0
      -2.5615933721   36.0980969063  0.0
      -2.4598431744   36.7593543413  0.0
       -2.352675098   37.4211720395  0.0
      -2.2400685324   38.0835075211  0.0
      -2.1220030977   38.7463180012  0.0
      -1.9984586474   39.4095603901  0.0
      -1.8694152716   40.0731912931  0.0
      -1.7348533003   40.7371670106  0.0
      -1.5947533064   41.4014435378  0.0
      -1.4490961093   42.0659765649  0.0
      -1.2978627779   42.7307214767  0.0
      -1.1410346338   43.3956333533  0.0
      -0.9785932552   44.0606669696  0.0
      -0.8105204795   44.7257767954  0.0
      -0.6367984072   45.3909169957  0.0
      -0.4574094055   46.0560414306  0.0
      -0.2723361109   46.7211036557  0.0
  -8.1561433668E-02   47.3860569218  0.0
       0.1149314393   48.0508541754  0.0
       0.3171590405    48.715448059  0.0
       0.5251376189   49.3797909108  0.0
       0.7388831354   50.0438347657  0.0
       0.9584112602   50.7075313547  0.0
       1.1837373682   51.3708321061  0.0
        1.414876536   52.0336881449  0.0
       1.6518435379   52.6960502941  0.0
       1.8946528422   53.3578690742  0.0
       2.1433186073   54.0190947042  0.0
        2.397854678   54.6796771019  0.0
       2.6582745816   55.3395658842  0.0
        2.924591524   55.9987103678  0.0
       3.1968183858   56.6570595695  0.0
       3.4749677185   57.3145622072  0.0
       3.7590517401   57.9711666998  0.0
       4.0490823315   58.6268211686  0.0
       4.3450710325   59.2814734375  0.0
       4.6470290371   59.9350710336  0.0
       4.9549671902   60.5875611884  0.0
       5.2688959829   61.2388908382  0.0
       5.5888255485    61.889006625  0.0
       5.9147656582   62.5378548973  0.0
        6.246725717   63.1853817112  0.0
       6.5847147595   63.8315328311  0.0
        6.928741445   64.4762537307  0.0
       7.2788140539   65.1194895941  0.0
       7.6349404829   65.7611853168  0.0
       7.9971282408   66.4012855069  0.0
       8.3653844437   67.0397344859  0.0
       8.7397158108   67.6764762904  0.0
       9.1201286598   68.3114546728  0.0
       9.5066289026    68.944613103  0.0
         9.89922204   69.5758947695  0.0
      10.2979131581   70.2052425807  0.0
      10.7027069226   70.8325991668  0.0
      11.1136075748   71.4579068806  0.0
      11.5306189268   72.0811077995  0.0
      11.9537443565   72.7021437268  0.0
      12.3829868027   73.3209561936  0.0
      12.8183487609   73.9374864605  0.0
      13.2598322778   74.5516755188  0.0
      13.7074389466   75.1634640931  0.0
      14.1611699022   75.7727926424  0.0
      14.6210258161   76.3796013628  0.0
      15.0870068915   76.9838301887  0.0
      15.5591128583   77.5854187954  0.0
      16.0373429676    78.184306601  0.0
      16.5216959874   78.7804327684  0.0
      17.0121701968    79.373736208  0.0
      17.5087633812   79.9641555795  0.0
      18.0114728267   80.5516292945  0.0
      18.5202953156    81.136095519  0.0
      19.0352271203   81.7174921759  0.0
      19.5562639987   82.2957569472  0.0
      20.0834011884   82.8708272772  0.0
      20.6166334018    83.442640375  0.0
      21.1559548201   84.0111332171  0.0
      21.7013590887   84.5762425506  0.0
       22.252839311   85.1379048959  0.0
      22.8103880434     85.69605655  0.0
      23.3739972896   86.2506335894  0.0
      23.9436584952   86.8015718732  0.0
      24.5193625421   87.3488070467  0.0
      25.1010997428   87.8922745446  0.0
      25.6888598352   88.4319095944  0.0
      26.2826319763     88.96764722  0.0
      26.8824047371   89.4994222453  0.0
      27.4881660969    90.027169298  0.0
      28.0999034372   90.5508228134  0.0
      28.7176035364   91.0703170381  0.0
      29.3412525637   91.5855860343  0.0
      29.9708360736   92.0965636837  0.0
      30.6063390001   92.6031836916  0.0
      31.2477456506   93.1053795918  0.0
      31.8950397005     93.60308475  0.0
      32.5482041869   94.0962323692  0.0
      33.2072215032   94.5847554939  0.0
      33.8720733927   95.0685870147  0.0
      34.5427409434   95.5476596735  0.0
      35.2192045811   96.0219060681  0.0
      35.9014440647   96.4912586573  0.0
      36.5894384792   96.9556497661  0.0
      37.2831662302   97.4150115912  0.0
      37.9826050382   97.8692762058  0.0
      38.6877319322   98.3183755656  0.0
      39.3985232438   98.7622415144  0.0
      40.1149546016   99.2008057896  0.0
      40.8370009247    99.634000028  0.0
      41.5646364172  100.0617557721  0.0
      42.2978345618  100.4840044763  0.0
      43.0365681142  100.9006775124  0.0
      43.7808090968  101.3117061769  0.0
      44.5305287931  101.7170216969  0.0
      45.2856977413  102.1165552369  0.0
      46.0462857286  102.5102379055  0.0
      46.8122617854  102.8980007627  0.0
      47.5835941789  103.2797748262  0.0
      48.3602504076  103.6554910792  0.0
      49.1421971953  104.0250804775  0.0
       49.929400485  104.3884739569  0.0
      50.7218254333  104.7456024411  0.0
      51.5194364044   105.096396849  0.0
      52.3221969643  105.4407881028  0.0
       53.130069875  105.7787071363  0.0
      53.9430170887  106.1100849027  0.0
      54.7609997423  106.4348523833  0.0
      55.5839781512  106.7529405957  0.0
      56.4119118041  107.0642806026  0.0
      57.2447593572  107.3688035206  0.0
      58.0824786283  107.6664405293  0.0
      58.9250265919  107.9571228803  0.0
      59.7723593733  108.2407819065  0.0
      60.6244322428  108.5173490314  0.0
      61.4811996112  108.7867557793  0.0
      62.3426150237  109.0489337842  0.0
      63.2086311547  109.3038148008  0.0
       64.079199803  109.5513307135  0.0
      64.9542718861  109.7914135478  0.0
      65.8337974357  110.0239954798  0.0
      66.7177255921  110.2490088474  0.0
      67.6060045995  110.4663861612  0.0
      68.4985818012  110.6760601149  0.0
      69.3954036347  110.8779635971  0.0
      70.2964156272  111.0720297021  0.0
      71.2015623905  111.2581917418  0.0
